7
7
7
7
7
7
7
7
7
7
7
9
9
9
9
9
9
9
9
9
9
9
10
10
10
10
10
10
10
10
10
10
10
12
12
12
12
12
12
12
12
12
12
12
12
12
13
13
13
13
13
13
13
13
13
13
13
13
13
13
13
13
13
13
13
13
16
16
16
16
16
16
16
16
16
16
16
19
19
19
19
19
19
19
19
19
19
19
18
18
18
18
18
18
18
18
19
19
19
21
21
21
21
21
21
21
21
21
21
21
22
22
22
22
22
22
22
22
22
22
22
22
22
22
22
22
22
22
24
24
24
24
25
25
25
25
25
25
25
25
25
25
25
26
26
26
26
26
26
26
26
26
26
26
29
29
29
29
29
29
29
29
29
29
29
30
30
30
30
30
30
30
30
30
30
30
23
23
24
26
26
26
26
26
31
31
31
32
32
32
32
32
32
32
32
32
32
32
34
34
34
34
34
35
35
35
35
35
35
35
35
35
35
35
35
35
35
35
35
35
37
37
37
37
37
37
37
37
37
37
37
36
36
36
36
36
36
36
36
36
39
39
42
42
42
42
42
42
42
42
42
42
42
42
42
42
42
42
42
42
42
42
42
42
44
44
44
44
44
44
44
44
44
44
44
45
45
45
45
45
45
45
45
45
45
45
45
46
46
46
46
46
46
46
46
46
46
48
48
48
48
48
49
49
49
49
49
49
49
49
49
49
49
49
49
49
49
49
49
51
51
51
51
51
51
51
51
51
51
51
47
47
47
48
48
48
48
49
49
49
49
57
57
57
57
57
57
57
57
57
57
57
57
57
58
58
58
58
58
58
58
58
58
50
55
55
55
55
55
55
55
55
55
55
60
60
60
60
60
60
60
60
60
60
60
60
60
60
61
61
61
61
61
61
61
61
62
62
62
62
62
62
62
62
62
62
62
64
64
64
64
64
64
64
64
64
64
64
62
62
62
63
63
64
64
64
64
64
64
64
64
64
64
64
64
64
66
66
66
66
57
57
57
57
57
63
63
63
63
63
63
69
69
69
69
69
69
69
69
69
69
69
60
62
66
69
69
69
69
69
69
69
69
70
70
70
70
70
70
70
71
71
71
71
71
73
73
73
73
73
73
73
73
73
73
75
75
75
75
75
75
75
75
75
75
75
64
68
68
69
72
72
75
75
75
75
76
82
82
82
82
82
82
82
82
82
82
82
82
82
82
82
82
82
82
82
82
82
82
73
79
79
79
79
82
82
82
82
82
82
82
82
82
84
85
85
85
85
85
85
85
81
81
81
81
81
81
84
84
84
84
84
87
87
87
87
87
87
87
87
87
87
87
82
82
82
82
83
86
86
86
86
86
86
87
87
89
89
89
89
89
89
89
89
89
90
90
90
90
90
90
90
90
90
90
90
92
92
92
92
92
92
92
92
92
92
92
92
92
92
93
93
93
93
93
93
93
93
92
92
92
92
92
92
92
92
93
94
94
98
98
99
99
99
99
99
99
99
99
99
94
94
99
99
99
99
99
99
99
99
99
98
98
98
98
99
99
99
99
99
99
99
98
100
100
100
100
100
100
100
100
100
100
90
90
90
90
91
91
93
99
102
102
102
98
98
98
98
98
98
98
98
98
99
99
106
106
106
106
106
106
106
106
106
106
106
106
106
106
106
106
106
106
106
106
106
106
98
100
103
103
104
107
108
108
108
108
108
110
110
110
111
111
111
111
111
111
112
112
110
110
112
112
112
112
112
112
112
112
112
103
103
103
103
103
103
104
107
108
109
109
106
106
106
106
106
106
106
106
106
106
106
105
106
109
109
109
109
114
117
117
117
117
116
119
119
119
119
119
119
119
119
119
119
117
117
117
117
117
117
119
119
119
119
119
112
112
112
112
112
118
120
120
120
120
120
114
114
114
116
118
118
118
118
118
118
118
104
110
110
118
118
118
118
118
118
122
122
122
122
126
126
126
126
126
126
126
126
126
123
123
123
123
126
126
126
126
126
126
126
122
122
122
122
122
122
123
127
127
127
127
124
124
124
124
124
124
124
133
133
133
133
130
130
130
130
130
130
130
130
132
132
132
119
122
122
122
122
122
122
122
122
122
123
134
134
134
134
134
134
134
134
134
134
134
133
133
133
133
133
133
133
133
133
133
133
134
134
134
134
134
135
137
137
137
137
137
134
138
138
138
138
138
138
138
138
138
138
131
135
136
136
136
136
136
136
136
136
136
133
133
133
134
134
134
134
134
134
134
134
136
136
136
136
136
136
136
136
136
136
136
128
128
133
133
133
133
133
133
133
135
135
144
145
145
145
145
145
145
145
145
145
145
125
125
125
125
125
125
125
125
125
125
125
100
100
100
100
126
126
126
132
132
132
141
148
150
150
150
151
151
151
151
151
151
151
142
142
147
147
147
148
148
148
148
151
151
143
143
144
144
144
144
144
144
144
144
144
140
140
140
143
143
147
147
151
151
151
155
137
137
137
143
143
144
148
153
153
153
153
154
154
154
154
154
154
154
154
154
154
154
149
149
149
149
150
150
150
150
150
150
150
152
152
152
153
157
157
157
157
157
157
163
158
158
161
163
163
163
163
163
163
163
163
159
159
159
161
161
161
163
165
165
165
165
159
159
159
159
159
161
161
162
162
162
162
166
166
168
168
168
168
168
168
168
168
168
156
158
164
164
164
164
164
164
164
164
165
170
170
170
170
170
170
170
170
170
170
170
168
168
168
168
168
171
173
173
173
173
173
172
172
173
173
173
173
173
173
173
173
173
153
161
171
171
171
171
171
171
171
171
171
173
173
175
175
175
175
175
175
175
175
175
147
147
147
147
161
161
168
171
173
178
178
172
172
172
172
172
172
172
172
172
172
172
165
165
165
165
165
165
173
173
173
173
178
168
168
173
174
178
182
182
183
183
183
183
170
170
173
174
174
174
174
174
174
174
174
183
183
185
185
185
185
185
185
185
185
185
184
184
184
184
184
184
184
184
184
184
184
188
188
188
188
188
188
188
188
188
188
188
180
180
180
180
180
184
185
187
188
189
189
193
193
193
193
193
193
193
193
193
193
193
185
185
185
185
185
185
185
185
188
191
191
180
180
180
180
186
193
193
193
193
193
193
165
165
182
189
189
192
192
192
192
192
192
196
196
196
196
196
196
196
196
196
196
196
196
199
199
199
199
199
199
199
199
199
199
194
196
198
198
198
198
198
198
198
200
200
202
202
202
202
202
202
202
202
202
202
202
192
192
192
208
208
208
208
208
208
208
208
202
202
202
202
202
202
202
203
205
205
205
208
208
208
208
208
208
208
208
208
208
208
196
196
202
202
210
210
210
210
210
210
210
206
206
206
207
207
207
208
208
208
208
209
202
202
202
202
202
202
202
202
202
203
205
206
207
211
212
212
212
212
212
212
212
212
209
209
212
212
212
212
212
212
212
212
212
198
198
198
198
201
204
209
214
215
215
215
216
216
216
216
216
216
216
216
216
216
216
201
201
201
201
205
205
215
219
219
219
219
220
220
220
220
220
220
220
220
220
220
220
221
221
221
221
221
221
221
221
221
221
221
207
214
214
214
214
214
214
214
214
214
214
223
223
225
225
225
225
226
226
226
226
226
215
215
219
219
219
219
219
219
219
219
219
226
226
227
227
227
227
227
227
227
227
227
231
231
231
231
231
231
231
232
232
232
232
232
232
232
232
232
232
232
232
235
235
235
233
234
234
234
234
234
234
234
234
234
234
213
214
224
224
224
224
224
224
225
225
225
232
232
232
232
235
235
235
235
235
235
235
179
179
213
213
213
213
227
227
228
228
230
229
229
229
231
236
236
236
236
236
236
236
220
220
220
220
220
220
220
220
220
220
220
239
239
239
239
239
239
239
239
240
240
240
222
224
224
224
230
234
236
236
236
238
238
237
238
246
246
246
246
246
246
246
246
246
234
234
234
234
234
234
236
238
238
238
238
247
248
248
248
248
248
248
248
248
248
248
208
229
237
240
243
244
244
246
247
247
247
247
247
247
248
248
248
248
248
248
248
248
212
212
212
212
232
232
232
232
232
232
232
244
245
250
250
254
254
254
254
254
254
254
244
244
252
252
252
253
253
253
253
253
253
240
240
240
248
257
257
257
257
257
257
258
240
253
256
256
256
256
256
256
256
256
256
245
245
245
245
245
245
245
245
247
258
260
255
255
260
263
263
263
263
263
263
263
263
263
263
263
263
263
263
263
263
264
264
264
261
261
261
261
261
261
261
261
261
261
261
261
261
261
261
261
265
267
267
267
267
267
270
270
270
270
272
273
273
274
274
274
274
260
260
260
260
260
260
260
262
266
266
266
266
266
266
266
266
266
266
266
266
266
266
258
258
258
258
258
258
258
266
266
266
266
254
254
254
254
254
254
254
254
254
254
254
255
255
255
255
255
255
255
255
255
255
257
248
266
268
269
269
269
272
272
272
273
275
270
272
272
272
272
272
273
274
274
276
276
265
265
273
275
275
275
275
275
275
275
275
250
250
250
250
250
250
250
250
250
250
250
260
260
276
277
277
282
282
282
282
286
286
189
234
257
272
272
275
275
275
275
275
275
286
286
286
288
288
288
288
288
288
288
288
229
229
229
229
240
240
240
240
259
265
266
285
288
290
290
290
290
290
290
290
290
290
281
281
281
281
281
282
282
283
286
286
286
274
279
286
295
295
295
295
295
295
295
295
247
247
270
284
284
287
287
290
290
290
290
287
287
291
291
292
292
292
292
292
292
292
292
292
292
292
293
293
293
293
293
294
295
269
269
271
271
272
273
273
273
273
273
273
272
272
272
272
272
272
274
274
274
277
277
271
271
271
288
289
307
307
307
307
307
307
303
303
303
303
303
303
303
303
303
303
303
280
280
280
280
280
280
280
280
280
280
280
267
281
284
306
306
310
310
310
310
310
310
287
287
287
287
289
289
298
298
303
303
303
256
256
256
256
256
256
281
297
297
297
300
304
304
304
304
304
304
304
304
304
304
304
268
268
268
268
268
286
286
286
286
286
286
309
311
312
312
312
312
312
312
312
313
313
304
304
304
309
313
313
313
313
313
313
313
307
307
307
307
310
315
315
315
315
315
315
313
313
313
314
314
314
314
314
314
314
314
292
292
292
298
299
307
308
314
316
316
316
317
317
317
317
317
317
317
317
317
317
317
319
319
319
319
319
319
319
319
319
319
319
299
299
299
299
299
299
299
299
299
307
307
264
278
288
304
304
304
304
304
313
318
318
318
318
319
319
319
320
320
324
324
324
324
312
316
316
316
316
316
316
316
316
316
316
327
327
327
329
329
329
329
329
329
329
329
307
320
320
321
321
328
329
331
331
331
331
299
299
299
309
323
323
323
323
323
323
323
305
305
305
305
305
305
305
305
317
317
317
280
281
312
312
312
312
312
312
317
332
332
311
311
316
316
322
326
333
333
333
335
335
328
328
333
338
338
338
338
338
338
338
338
337
338
339
340
340
340
340
340
340
340
340
319
327
327
335
336
336
339
339
339
339
339
307
307
307
315
328
330
336
340
340
340
340
336
336
336
336
346
346
346
346
346
346
346
339
339
339
344
346
348
348
348
349
349
349
338
341
346
346
346
346
346
346
346
346
346
343
343
344
346
346
346
346
346
346
346
346
317
330
330
330
331
331
340
345
345
345
345
348
348
348
348
349
349
349
349
349
349
349
313
313
313
313
313
313
323
345
345
354
354
345
349
350
350
350
350
350
350
350
350
350
306
307
307
307
310
310
310
314
314
314
314
354
354
355
355
355
359
359
359
359
359
359
340
340
340
340
340
340
340
340
340
340
340
336
340
345
348
349
354
355
357
357
357
357
326
326
326
326
351
351
351
351
351
351
361
350
350
350
357
357
357
357
357
357
357
357
360
362
362
362
362
362
362
362
362
362
362
334
334
360
366
366
366
366
366
366
366
366
344
344
344
344
344
344
344
344
344
344
344
365
365
368
368
368
368
368
368
370
371
371
365
365
365
365
365
365
365
365
369
370
370
365
365
365
365
365
365
365
365
365
365
370
327
327
351
351
351
351
351
359
372
372
373
347
347
352
371
375
377
378
378
378
378
378
378
379
379
379
379
379
379
379
379
379
379
353
359
365
365
366
373
373
374
378
378
378
349
349
349
349
366
366
366
366
366
366
368
380
383
383
383
384
384
384
384
384
384
384
370
372
381
381
382
383
383
383
383
383
383
363
363
381
381
381
381
381
381
381
384
384
381
381
381
381
381
381
381
381
381
381
381
384
385
385
385
385
385
385
385
385
385
385
372
372
382
386
387
387
387
387
387
387
387
384
384
384
386
386
386
387
387
388
388
388
377
377
377
377
377
383
383
383
383
383
383
379
379
388
388
388
388
388
388
388
388
388
364
364
364
364
367
384
385
385
385
385
385
362
362
364
380
392
392
392
393
393
394
394
399
399
399
399
399
399
399
399
399
399
399
367
367
367
388
388
398
398
398
398
398
398
372
391
391
391
391
391
391
391
391
391
391
385
394
394
398
400
400
401
401
402
402
402
381
381
381
381
381
381
381
381
381
381
384
373
373
373
373
373
373
373
373
373
373
373
371
371
371
371
381
381
381
381
386
386
394
376
376
376
381
381
381
381
381
381
393
393
393
393
393
393
393
398
409
409
409
409
409
349
385
397
397
404
408
408
408
408
408
412
376
376
400
400
400
400
400
400
400
400
400
400
405
408
412
413
413
413
413
413
413
414
388
388
388
400
400
400
400
400
400
400
400
386
386
400
400
414
418
418
422
422
422
422
401
401
401
401
401
401
401
401
415
415
415
419
419
419
419
419
419
419
419
419
419
419
418
418
418
418
418
418
418
419
420
420
420
417
421
423
423
423
423
423
423
423
423
423
423
423
426
426
426
426
426
426
426
426
426
428
428
428
428
428
429
429
429
429
429
429
420
422
424
424
424
424
424
424
424
424
424
409
409
427
429
429
429
429
429
429
429
429
412
412
412
412
412
424
428
428
429
429
429
428
429
429
429
429
429
429
429
430
430
430
435
435
435
435
435
435
435
435
435
435
435
404
404
404
404
404
404
404
404
404
404
404
413
413
413
413
413
413
430
436
436
437
437
426
432
436
438
438
439
439
439
439
439
439
441
441
441
441
441
441
441
441
441
441
441
427
427
427
427
427
427
427
427
427
427
427
439
439
439
439
439
441
441
441
441
441
441
429
429
429
429
429
429
429
429
429
444
444
429
429
429
433
436
440
440
443
443
446
446
410
410
410
410
410
410
410
410
429
440
445
428
449
449
449
449
449
449
449
449
449
449
443
443
443
447
449
449
449
452
452
452
452
430
443
443
446
449
449
449
449
449
449
449
437
442
444
445
445
445
445
445
445
445
449
451
451
451
458
458
458
458
458
458
458
458
459
459
459
459
459
459
459
459
459
459
459
462
462
463
463
463
463
463
463
463
463
463
449
449
450
450
450
451
452
456
456
457
457
449
453
455
456
458
458
458
458
458
458
458
457
457
457
457
457
457
457
457
472
472
472
431
431
442
442
454
454
454
459
459
460
460
423
423
423
427
427
427
427
427
427
427
427
435
435
435
469
469
469
477
478
478
478
478
458
462
464
464
464
464
466
466
466
466
466
436
447
447
453
453
455
455
464
464
464
468
441
441
459
469
474
474
476
476
476
476
476
395
395
395
395
434
444
444
444
456
466
466
461
461
461
461
461
461
461
461
465
477
477
473
473
473
473
474
474
474
474
474
474
474
464
464
464
464
464
464
465
465
466
466
466
452
452
452
452
472
476
476
476
481
481
481
444
444
444
444
444
444
444
444
445
445
445
446
452
482
482
482
482
483
483
483
483
483
471
489
489
489
489
489
489
489
489
490
490
482
482
483
487
487
487
487
487
487
487
488
455
480
485
485
485
485
485
486
486
486
486
402
404
404
404
427
445
466
475
481
481
483
450
450
450
450
450
450
450
450
450
450
450
482
482
482
482
482
482
485
485
485
485
485
484
485
485
485
488
490
490
490
490
490
490
487
487
490
490
491
493
494
494
494
494
494
491
491
491
491
491
491
492
492
492
492
492
458
458
458
458
459
461
472
472
478
488
491
480
480
480
480
487
487
493
493
493
493
493
418
420
454
481
481
481
485
485
492
492
492
503
503
503
503
503
503
503
503
503
503
503
505
505
505
505
505
505
505
505
505
506
506
471
471
497
501
502
502
502
503
503
503
503
467
467
467
467
494
494
506
508
508
508
508
505
505
509
509
510
510
510
510
510
510
510
491
491
491
491
491
495
495
495
510
515
516
503
503
503
503
503
504
504
514
514
517
517
503
505
507
509
510
510
510
510
510
510
510
502
508
508
511
511
511
511
511
511
511
511
505
505
505
506
509
509
509
509
509
509
512
472
472
489
492
494
494
494
504
507
507
507
499
499
499
499
499
499
499
499
499
499
499
438
459
496
496
510
510
511
511
519
519
519
516
516
518
518
518
518
518
518
518
518
518
476
476
504
504
504
504
504
504
504
504
504
501
507
513
518
518
518
518
519
519
523
523
442
480
486
486
486
486
486
486
492
492
505
514
516
522
523
523
523
523
523
523
523
523
516
516
522
522
524
525
525
525
525
525
525
506
506
506
506
506
508
516
516
516
516
516
494
505
505
505
505
505
505
505
510
510
521
493
493
493
493
493
493
493
524
524
529
529
508
529
531
531
531
531
531
531
531
531
531
490
490
490
490
490
490
490
491
512
512
512
530
530
530
530
530
530
530
530
530
530
530
537
537
537
537
537
537
537
537
537
537
537
522
522
522
522
522
522
522
532
532
532
532
410
462
486
509
509
509
526
534
534
534
534
457
457
457
499
534
534
538
541
542
542
542
364
364
462
462
462
462
462
516
535
543
543
501
501
501
501
501
501
502
502
502
502
502
459
460
460
507
507
507
507
507
507
507
508
535
535
535
535
535
535
535
536
542
542
546
504
504
522
529
529
529
529
529
529
529
529
550
550
550
550
550
550
550
551
551
551
551
532
532
532
532
532
536
536
544
544
546
553
556
556
556
556
556
556
556
556
556
556
556
513
513
513
513
532
532
537
537
541
555
556
509
509
542
542
542
542
542
542
542
542
542
551
551
551
551
551
551
551
551
551
551
551
509
509
519
519
522
522
522
522
537
551
553
556
563
563
563
563
563
563
563
563
563
563
514
514
514
538
538
543
543
550
550
550
550
561
561
561
561
563
563
563
565
565
565
565
532
532
533
533
533
534
566
573
573
574
575
533
533
551
556
557
568
575
575
575
575
575
482
482
527
527
530
530
538
565
565
565
565
489
489
489
489
489
514
553
553
553
553
568
545
564
564
564
564
564
564
564
569
569
569
564
567
574
576
576
576
576
576
576
576
576
484
484
484
484
484
497
497
564
564
564
565
565
565
565
567
567
567
567
567
567
567
567
566
566
566
566
566
566
566
566
566
566
566
433
483
483
483
531
534
534
534
553
561
574
515
515
515
515
515
515
515
515
515
515
519
568
568
568
568
568
568
568
577
577
577
577
497
497
497
497
497
497
497
497
550
550
550
567
567
567
567
567
570
584
585
585
585
585
567
567
567
567
567
570
591
591
591
592
592
536
579
581
590
590
594
594
594
594
594
594
510
510
557
557
577
577
589
594
594
594
596
484
484
529
529
536
554
570
587
587
587
587
497
500
535
535
535
567
567
567
567
567
567
499
499
501
574
574
574
574
574
574
574
574
595
595
595
595
595
595
595
595
595
596
598
587
587
587
587
587
587
587
587
587
587
587
520
520
520
520
520
520
520
520
520
520
549
594
594
594
594
594
600
600
600
601
601
601
548
548
548
548
548
548
552
552
552
586
593
592
593
593
593
593
595
601
601
601
602
602
596
596
596
596
596
596
596
598
598
598
598
606
606
606
606
607
607
607
607
607
607
607
587
587
587
587
587
587
587
595
596
596
596
595
595
595
599
599
599
604
606
606
606
610
534
597
597
597
617
617
618
618
618
618
618
586
586
586
586
586
586
586
586
586
586
586
596
596
596
596
596
596
596
596
596
596
596
609
616
616
616
616
616
619
619
619
619
620
528
528
528
528
528
528
528
528
528
528
528
599
599
603
607
616
616
616
616
616
619
619
605
605
605
605
605
605
605
605
626
626
626
575
575
575
582
582
582
582
582
582
582
582
594
599
599
599
599
599
599
606
606
606
614
594
596
596
600
615
615
620
621
626
626
626
575
575
575
575
602
602
606
606
609
609
609
622
622
622
626
627
627
627
627
627
627
627
622
622
622
622
622
622
622
622
622
622
622
584
584
584
584
584
584
584
584
584
584
584
540
543
575
575
575
575
575
602
602
602
602
581
581
581
581
581
604
620
627
627
627
627
581
581
581
581
581
581
581
593
613
626
626
424
424
425
482
533
533
581
581
581
586
586
616
616
616
616
629
629
629
629
629
629
629
550
550
550
550
571
571
582
630
638
638
638
540
540
540
540
540
586
590
590
590
590
590
595
630
632
632
632
632
632
632
632
632
632
646
650
650
650
650
650
653
653
653
653
654
643
643
643
643
643
643
643
643
645
645
645
547
547
547
547
596
596
596
596
610
626
640
633
639
647
647
647
647
647
647
647
647
647
594
594
594
594
594
618
629
645
645
646
646
550
550
550
550
550
550
550
550
550
603
644
547
549
549
549
549
605
605
605
605
605
605
647
647
647
647
653
655
655
655
655
655
655
610
627
645
645
645
645
645
645
645
645
645
652
652
652
652
652
652
652
656
656
656
656
648
649
659
659
660
660
660
660
660
660
660
642
642
642
642
642
642
642
642
642
642
642
646
650
650
650
650
652
656
656
656
658
658
617
617
617
617
617
617
617
617
617
617
651
667
667
667
667
667
667
667
671
671
671
671
444
444
445
555
555
555
558
570
577
582
589
445
445
446
500
581
624
624
631
631
631
646
561
561
601
604
604
618
654
654
671
674
676
560
640
646
652
661
666
669
671
672
672
672
651
655
655
655
655
655
655
655
655
655
655
624
624
624
624
624
648
648
648
648
648
648
565
565
565
659
659
659
666
666
666
667
675
674
681
681
681
681
681
681
681
681
681
681
669
669
671
671
671
671
674
674
674
674
674
676
676
676
676
676
676
676
676
676
678
678
577
650
650
650
650
650
656
656
656
656
656
568
569
652
675
675
676
676
676
676
676
677
637
637
637
637
637
637
637
637
637
638
644
678
684
684
684
684
685
688
689
690
690
690
578
620
671
671
674
674
674
675
678
678
678
688
688
688
688
688
688
688
688
688
688
688
681
681
681
687
688
688
688
690
691
691
691
684
684
684
685
688
691
691
691
691
691
691
463
582
582
582
582
582
582
582
582
582
582
676
678
678
688
688
693
693
693
693
698
698
700
700
700
700
700
700
702
705
705
705
705
674
674
674
674
674
674
674
674
674
674
674
697
700
700
701
703
703
703
703
703
703
703
685
685
693
695
695
696
700
700
700
700
700
672
672
672
672
672
672
672
672
672
672
678
649
649
649
649
649
649
649
649
649
649
649
699
699
699
699
699
699
699
699
699
699
699
683
683
683
683
683
683
683
683
683
684
698
609
655
655
670
670
672
672
672
680
686
686
699
703
703
703
712
712
712
712
712
712
712
643
694
707
707
713
713
713
713
713
713
713
705
705
707
707
707
707
707
708
708
708
708
718
718
718
718
718
718
718
718
718
718
718
660
660
660
661
661
682
697
706
706
706
706
728
728
728
728
728
728
728
728
728
728
728
729
729
729
729
729
729
729
729
729
729
729
595
595
662
662
692
692
692
692
692
692
692
662
689
703
712
713
713
713
713
713
713
713
713
713
713
713
713
713
713
713
713
713
713
668
668
691
705
706
706
706
706
709
719
724
669
669
688
688
716
716
716
734
735
735
735
704
704
704
715
722
722
722
722
722
724
731
608
608
608
608
616
659
672
725
730
730
730
725
725
730
731
732
732
733
733
733
733
733
696
696
696
704
704
704
704
721
721
728
732
622
622
622
657
684
684
684
684
684
684
696
727
731
731
735
735
735
735
735
735
735
735
675
675
675
677
677
710
724
724
732
736
737
732
732
732
732
732
734
741
743
744
744
744
619
623
623
623
623
623
623
625
625
625
701
736
739
740
740
740
740
740
740
740
740
740
682
682
691
691
738
742
742
743
743
743
743
654
702
722
746
748
748
748
748
748
748
748
740
742
742
743
743
743
743
743
744
745
745
733
749
749
749
749
749
749
749
749
749
749
742
742
742
742
742
742
742
742
745
749
749
741
741
741
741
741
741
741
741
741
741
742
742
746
746
747
747
747
747
747
747
747
747
741
750
750
750
750
750
752
752
752
754
754
746
752
752
753
754
754
754
754
754
754
757
750
756
756
757
757
757
757
757
757
757
757
506
629
694
694
728
749
751
752
753
754
756
711
740
749
751
752
758
758
761
761
761
761
641
641
641
698
698
698
698
739
739
753
761
749
749
749
759
761
761
761
761
761
761
761
746
753
757
757
757
757
757
757
757
757
757
758
763
765
765
765
765
765
765
765
765
765
711
714
740
740
740
740
740
741
741
752
752
752
752
752
752
752
752
752
752
752
752
752
759
773
773
773
773
773
773
773
773
773
773
769
769
769
769
769
769
769
769
773
773
773
712
714
714
740
754
754
754
754
754
772
772
739
756
756
774
774
774
774
774
774
774
774
741
752
752
764
773
773
773
773
774
774
774
754
754
754
754
754
754
754
754
754
754
754
765
765
765
765
765
765
765
765
765
765
765
773
778
778
778
779
785
786
786
786
786
786
728
761
761
761
761
780
786
787
787
787
787
772
772
772
772
772
772
779
780
782
782
782
714
714
716
716
775
775
775
775
775
788
788
776
776
776
776
783
784
785
785
785
785
785
739
739
739
739
739
739
785
789
789
789
789
771
790
792
792
794
794
795
795
795
795
795
789
792
792
792
792
792
792
792
792
792
792
783
783
788
792
796
796
796
796
796
796
796
793
793
793
793
793
793
793
793
793
793
793
769
769
769
769
769
779
779
779
779
779
790
732
732
732
732
732
732
732
732
732
732
752
775
775
775
775
775
775
775
775
775
775
775
743
778
787
787
796
796
796
796
796
796
796
755
755
799
809
815
815
815
815
815
815
815
789
789
789
789
789
789
789
801
803
806
807
696
696
763
775
775
798
798
805
805
805
806
665
672
741
775
782
786
786
786
786
786
786
782
783
783
783
783
790
790
796
805
805
805
756
756
784
802
802
802
802
802
802
802
802
804
809
813
813
814
814
814
814
814
814
814
779
805
805
805
805
808
808
808
808
808
808
797
797
797
804
810
810
810
810
810
811
813
788
788
788
788
788
788
788
788
788
788
788
795
795
810
824
826
826
826
826
826
826
826
691
747
772
793
793
812
819
819
819
819
819
754
754
788
801
802
814
815
815
815
815
817
796
796
796
796
808
828
828
828
828
828
828
804
804
804
812
815
821
821
821
822
822
822
757
783
790
790
790
804
813
813
815
815
815
756
756
756
756
756
756
756
756
756
757
759
762
762
762
762
762
762
762
790
791
791
791
771
771
771
771
777
777
777
791
823
834
834
824
826
828
828
828
829
829
829
829
829
829
816
816
816
821
830
834
834
834
834
834
834
829
829
830
832
832
832
832
832
832
832
832
771
771
771
795
807
807
807
807
807
807
807
768
778
778
778
778
806
823
823
823
824
825
799
834
837
837
837
837
838
838
838
838
838
703
703
703
703
703
703
703
703
765
765
765
833
840
840
841
842
842
842
842
842
842
842
772
772
772
801
801
821
844
844
844
844
844
776
776
776
779
829
829
831
843
847
847
847
779
779
779
779
799
799
799
799
833
833
833
774
774
774
774
799
799
799
825
842
843
847
701
703
703
705
705
705
705
721
765
769
769
843
843
850
850
850
850
851
851
851
851
851
834
834
834
834
834
834
834
834
834
834
834
811
817
817
817
817
817
820
820
821
835
835
816
842
842
842
846
855
855
855
855
855
856
747
747
795
843
843
846
846
846
846
846
846
785
785
827
843
849
850
851
854
854
855
856
719
777
845
861
862
862
862
863
863
863
863
845
845
845
845
845
845
852
855
855
855
860
830
830
833
833
848
850
857
857
857
857
857
868
868
868
868
868
868
868
868
868
868
868
729
806
806
806
806
806
820
820
820
820
820
825
825
825
825
825
831
847
847
847
847
855
860
860
860
862
867
867
867
867
867
867
867
855
855
855
855
856
860
860
860
869
869
869
866
866
866
867
867
867
867
867
873
873
874
866
867
867
874
874
874
874
874
874
874
875
834
834
834
842
862
863
863
866
866
866
866
805
843
859
870
871
873
873
873
873
873
873
845
845
859
859
859
859
859
859
859
860
860
811
845
865
865
880
880
880
880
880
880
880
849
872
872
873
874
877
877
877
877
877
879
870
870
870
872
872
877
878
879
879
879
879
878
878
879
880
881
881
881
881
881
881
881
818
818
827
827
859
873
878
880
882
883
883
818
818
848
879
879
879
879
879
879
879
879
886
887
887
887
887
887
887
887
887
887
887
849
849
849
849
849
849
849
849
855
855
855
759
765
827
833
833
860
875
875
875
875
875
815
815
815
815
815
853
853
856
856
856
863
888
888
888
888
893
893
893
893
893
893
893
817
817
817
817
817
858
872
873
873
890
893
883
883
883
891
891
896
897
897
897
897
899
881
881
881
881
881
881
881
881
881
881
881
895
895
895
895
895
895
897
897
897
897
897
878
882
882
882
882
882
882
882
882
882
882
866
866
866
866
866
866
869
869
885
885
885
876
876
876
876
906
906
909
909
909
909
909
781
781
788
788
888
888
888
888
888
888
888
811
839
889
908
908
908
909
910
910
910
910
871
871
882
882
882
882
882
882
889
889
903
904
904
904
904
904
908
915
915
915
915
915
880
880
880
880
880
880
880
880
880
884
884
886
914
914
914
914
914
914
914
914
914
914
760
760
760
760
760
760
760
760
762
838
876
768
832
832
832
832
833
863
880
880
880
880
879
879
879
879
879
879
879
879
879
879
879
894
894
894
894
894
894
894
894
894
894
894
900
900
900
900
900
900
900
900
900
900
900
899
909
915
915
915
915
915
915
915
915
915
925
925
928
928
928
928
928
928
928
928
928
909
909
909
909
909
909
909
911
911
911
911
922
922
922
922
922
922
922
922
922
922
922
898
921
934
934
934
934
934
934
934
934
934
932
932
932
932
932
932
932
932
932
932
932
872
872
872
872
896
919
919
924
924
924
924
865
912
915
915
915
915
915
915
915
915
915
913
934
934
935
937
937
937
937
937
937
937
919
921
921
921
921
921
921
921
921
921
921
789
789
789
789
789
861
887
898
904
920
920
929
929
934
937
937
937
937
937
937
937
937
860
860
860
860
860
860
860
873
905
910
910
891
891
891
891
917
917
917
917
917
917
937
948
951
951
951
951
951
951
951
951
951
951
786
786
786
786
859
860
860
871
871
907
907
940
952
952
952
952
952
952
952
952
952
952
908
947
948
948
948
948
948
948
948
948
948
863
863
877
877
877
877
877
877
877
877
949
853
853
853
884
897
925
944
953
953
954
954
635
636
798
798
798
934
949
949
951
951
951
804
804
804
880
880
880
918
918
919
956
958
886
923
923
946
946
951
953
959
959
959
959
959
959
959
959
959
959
959
959
959
959
959
942
942
942
942
942
942
942
942
942
942
942
947
947
952
952
956
956
958
958
958
958
958
950
950
966
966
966
966
966
966
966
966
966
959
959
959
959
959
959
959
959
959
959
959
927
927
927
927
927
927
927
927
937
957
957
887
887
888
888
888
888
944
944
944
944
948
927
946
963
965
965
965
965
965
965
965
965
961
961
961
961
961
961
961
961
961
961
961
962
962
965
965
965
973
973
973
973
973
973
888
916
931
950
959
959
959
959
959
959
959
937
937
971
971
971
972
972
972
972
972
972
973
973
973
973
973
973
973
973
973
973
973
960
964
964
964
964
971
975
975
975
975
975
964
968
968
968
968
968
968
968
968
968
968
653
737
822
822
873
972
972
980
981
981
981
819
819
824
824
899
899
899
899
899
905
963
828
828
908
908
917
917
941
951
951
951
951
825
825
825
903
903
903
939
962
962
962
962
905
962
962
962
979
984
984
984
984
984
984
909
911
930
930
930
946
973
984
986
986
986
938
938
950
955
955
955
955
955
955
955
955
983
983
983
983
983
983
983
983
983
983
987
967
967
967
967
967
967
967
967
967
967
967
981
982
986
986
986
986
986
986
988
988
988
831
831
831
831
831
831
893
917
917
917
917
966
966
966
966
970
984
995
995
995
995
995
926
965
965
965
965
965
965
965
965
965
965
903
903
903
903
903
903
903
903
903
903
903
966
966
966
966
966
984
984
997
999
999
999
848
922
922
924
924
924
924
947
953
961
985
953
960
972
1001
1003
1003
1003
1003
1003
1003
1003
933
973
977
996
996
996
996
996
996
996
998
916
916
923
968
968
985
985
985
1003
1003
1003
924
924
924
962
972
973
973
992
995
995
995
969
969
969
969
969
969
969
969
971
971
971
992
1004
1004
1004
1010
1010
1010
1013
1013
1013
1013
959
959
959
959
959
959
959
959
959
996
996
971
971
971
971
971
1004
1013
1013
1013
1013
1013
931
981
981
981
981
981
1000
1015
1015
1015
1015
973
978
998
1011
1011
1012
1012
1015
1015
1015
1015
853
938
938
972
976
979
999
999
999
999
999
970
970
970
970
980
980
981
981
981
982
1001
993
993
993
993
993
993
993
993
1007
1016
1019
1005
1006
1019
1021
1021
1023
1026
1026
1026
1027
1027
1003
1003
1003
1003
1007
1007
1007
1007
1022
1022
1028
1024
1024
1024
1024
1024
1024
1024
1024
1024
1024
1024
999
1008
1011
1019
1019
1019
1019
1020
1020
1020
1020
1043
1043
1043
1043
1043
1043
1043
1043
1043
1043
1043
1008
1028
1032
1037
1037
1037
1037
1044
1044
1044
1044
687
687
687
687
688
872
958
958
958
977
977
689
689
689
689
862
862
966
966
966
966
970
1037
1039
1039
1039
1039
1039
1039
1039
1039
1039
1039
976
1010
1041
1042
1042
1042
1042
1042
1042
1042
1042
954
954
954
987
1014
1028
1036
1036
1037
1037
1037
957
1013
1013
1013
1013
1022
1046
1046
1046
1046
1046
953
953
953
953
953
953
953
953
1035
1035
1038
696
696
696
778
778
778
778
778
950
950
950
956
958
1002
1002
1002
1002
1005
1005
1030
1037
1037
1012
1012
1012
1014
1014
1014
1017
1017
1017
1017
1017
1043
1043
1047
1047
1047
1047
1047
1047
1047
1047
1047
968
968
968
998
998
1003
1006
1006
1006
1006
1008
1008
1008
1010
1010
1026
1026
1026
1026
1026
1026
1026
979
979
979
1008
1008
1008
1061
1062
1062
1062
1062
965
1011
1042
1042
1052
1052
1052
1052
1052
1054
1057
976
976
1033
1033
1033
1033
1064
1066
1067
1067
1067
1035
1035
1035
1044
1051
1051
1051
1051
1051
1051
1051
1047
1047
1050
1055
1055
1055
1055
1055
1055
1055
1056
942
1053
1053
1053
1053
1053
1053
1053
1061
1061
1061
999
999
999
999
999
999
999
999
999
999
1030
1062
1062
1062
1062
1062
1062
1062
1062
1062
1062
1062
984
996
1024
1024
1024
1059
1071
1071
1071
1071
1071
1058
1058
1058
1058
1058
1058
1058
1058
1059
1059
1066
1036
1036
1036
1054
1057
1057
1057
1057
1057
1057
1057
1019
1019
1019
1019
1019
1019
1019
1019
1019
1019
1019
987
987
987
987
987
987
987
1062
1062
1062
1062
1058
1058
1058
1058
1058
1058
1058
1058
1058
1058
1058
902
902
902
902
973
1058
1058
1058
1058
1069
1069
1041
1041
1041
1041
1041
1041
1041
1041
1069
1075
1075
983
983
983
983
983
1040
1060
1073
1073
1073
1073
991
991
991
991
991
991
991
1032
1032
1032
1035
972
972
972
973
1039
1070
1070
1070
1070
1070
1070
1043
1043
1043
1065
1065
1065
1065
1065
1065
1065
1070
1079
1079
1090
1090
1090
1090
1090
1090
1090
1090
1090
883
908
908
908
909
913
968
1014
1014
1014
1014
1064
1068
1068
1082
1082
1089
1089
1089
1089
1089
1089
991
1003
1046
1058
1077
1080
1080
1086
1086
1086
1086
1081
1098
1098
1098
1098
1098
1098
1098
1098
1098
1098
1019
1019
1019
1019
1019
1019
1019
1019
1019
1060
1060
1086
1086
1086
1086
1086
1086
1086
1086
1086
1086
1086
1033
1033
1039
1040
1054
1084
1094
1101
1101
1101
1101
1087
1087
1087
1087
1098
1100
1108
1108
1108
1108
1108
1076
1076
1076
1076
1076
1076
1076
1076
1076
1076
1076
983
983
983
983
1018
1021
1021
1021
1021
1021
1021
1059
1059
1059
1059
1078
1078
1078
1088
1098
1098
1098
912
912
932
932
932
932
932
1017
1023
1023
1042
1058
1058
1058
1058
1058
1058
1058
1076
1076
1076
1076
1077
1077
1077
1077
1080
1084
1088
1088
1088
1094
1095
1084
1086
1094
1094
1094
1094
1094
1094
1094
1094
1097
1075
1087
1090
1090
1090
1090
1090
1090
1090
1100
1108
1017
1017
1083
1096
1101
1107
1107
1107
1107
1107
1107
1119
1119
1119
1119
1119
1119
1119
1119
1119
1119
1119
1060
1060
1060
1060
1077
1101
1101
1102
1105
1105
1111
1058
1058
1058
1058
1058
1058
1084
1089
1089
1090
1106
1018
1018
1021
1022
1022
1071
1071
1076
1102
1109
1109
1073
1099
1106
1106
1106
1106
1106
1108
1110
1112
1113
1099
1099
1106
1106
1111
1111
1115
1115
1115
1115
1115
1036
1036
1036
1036
1036
1036
1036
1059
1059
1059
1091
1077
1077
1077
1077
1077
1077
1077
1077
1077
1077
1077
1064
1094
1094
1104
1104
1104
1104
1104
1104
1104
1104
1045
1045
1045
1045
1045
1045
1045
1045
1045
1061
1069
1090
1090
1090
1090
1108
1117
1117
1117
1121
1121
1122
1069
1069
1093
1107
1113
1115
1116
1116
1116
1127
1127
944
944
944
944
1024
1029
1075
1086
1086
1098
1098
942
1027
1104
1104
1104
1104
1104
1104
1104
1104
1104
1132
1132
1132
1137
1137
1139
1140
1140
1140
1140
1140
1039
1039
1039
1039
1039
1039
1040
1040
1040
1040
1040
955
991
991
991
991
991
991
991
991
1028
1028
957
957
957
1036
1036
1036
1036
1036
1040
1040
1040
951
951
951
951
951
951
951
951
951
1095
1095
1118
1118
1118
1129
1135
1136
1136
1136
1136
1136
1136
1137
1137
1137
1137
1137
1137
1139
1139
1139
1140
1140
1093
1093
1093
1093
1116
1126
1128
1129
1133
1133
1133
951
960
962
1053
1053
1115
1115
1115
1115
1115
1120
1126
1140
1140
1140
1140
1142
1142
1142
1142
1142
1144
1045
1045
1045
1045
1045
1045
1045
1045
1045
1045
1045
763
809
960
960
960
960
960
960
1101
1101
1101
1095
1095
1146
1146
1146
1146
1146
1146
1146
1146
1146
1062
1062
1064
1110
1130
1144
1147
1147
1147
1149
1149
969
969
969
969
969
1107
1107
1126
1144
1144
1144
1069
1069
1105
1123
1141
1151
1160
1160
1160
1160
1163
1122
1151
1151
1151
1159
1159
1159
1159
1159
1159
1159
1090
1090
1110
1169
1169
1171
1172
1172
1172
1172
1172
1119
1119
1119
1137
1137
1137
1137
1137
1137
1137
1137
990
1026
1155
1155
1155
1155
1155
1155
1155
1155
1155
978
978
978
1057
1119
1141
1141
1141
1143
1143
1143
1131
1164
1164
1165
1166
1166
1168
1168
1168
1168
1168
896
896
896
896
1019
1019
1019
1089
1090
1164
1174
988
989
1099
1127
1140
1173
1177
1177
1177
1177
1178
878
1133
1160
1160
1169
1169
1169
1169
1169
1169
1169
973
1081
1154
1154
1165
1172
1176
1177
1177
1177
1177
975
975
975
975
975
1067
1149
1149
1149
1149
1149
1087
1087
1087
1134
1134
1155
1157
1157
1160
1160
1160
1068
1068
1068
1068
1078
1117
1148
1151
1151
1151
1151
1158
1166
1173
1175
1175
1175
1175
1175
1175
1175
1175
1086
1086
1146
1146
1147
1147
1157
1160
1160
1169
1170
1165
1165
1165
1165
1167
1170
1170
1170
1170
1170
1170
1138
1138
1138
1138
1138
1138
1158
1169
1169
1169
1175
1083
1086
1086
1086
1086
1086
1086
1086
1086
1086
1086
969
1042
1138
1138
1138
1138
1138
1171
1171
1171
1171
1130
1130
1138
1138
1138
1138
1149
1149
1166
1182
1182
1141
1141
1141
1141
1141
1141
1141
1141
1166
1166
1166
992
992
1060
1060
1060
1060
1060
1060
1060
1060
1149
1158
1158
1158
1158
1158
1158
1158
1158
1158
1158
1158
1094
1094
1133
1133
1148
1151
1155
1170
1171
1171
1171
982
982
995
1095
1095
1095
1095
1095
1095
1095
1095
1091
1136
1169
1169
1169
1169
1169
1170
1187
1187
1189
1026
1026
1136
1136
1141
1182
1182
1182
1191
1197
1197
1039
1039
1039
1039
1115
1123
1155
1155
1155
1155
1155
1120
1126
1126
1126
1126
1126
1192
1192
1193
1193
1193
1119
1172
1172
1172
1172
1172
1172
1188
1188
1197
1197
1092
1092
1092
1092
1092
1092
1092
1092
1092
1092
1092
1151
1151
1151
1151
1151
1151
1151
1151
1151
1151
1151
1173
1173
1173
1173
1173
1173
1173
1173
1176
1201
1201
1191
1191
1191
1191
1191
1191
1192
1196
1198
1198
1198
1180
1191
1198
1199
1199
1199
1199
1199
1199
1199
1199
1009
1009
1116
1116
1116
1116
1116
1116
1116
1116
1116
1099
1099
1103
1103
1103
1103
1114
1118
1118
1118
1118
1011
1011
1011
1011
1122
1122
1122
1122
1122
1122
1140
1133
1176
1210
1214
1218
1218
1218
1218
1218
1218
1218
1185
1185
1185
1185
1193
1212
1212
1212
1212
1212
1212
1016
1016
1016
1016
1016
1112
1165
1165
1165
1165
1165
1018
1125
1125
1125
1125
1125
1163
1175
1197
1205
1209
1117
1164
1164
1164
1166
1168
1169
1194
1194
1212
1212
1181
1181
1181
1181
1182
1182
1182
1182
1182
1215
1215
1050
1050
1101
1101
1101
1101
1101
1101
1101
1101
1101
1014
1014
1014
1014
1016
1167
1169
1170
1170
1170
1170
916
929
1173
1177
1179
1185
1185
1213
1213
1213
1214
1209
1209
1209
1209
1209
1209
1209
1209
1209
1209
1209
1212
1212
1212
1212
1221
1221
1223
1224
1224
1224
1224
1018
1018
1018
1018
1018
1018
1065
1184
1184
1186
1186
1119
1124
1192
1221
1221
1225
1231
1231
1231
1231
1231
1207
1207
1207
1207
1220
1228
1230
1230
1230
1230
1231
1228
1228
1228
1228
1228
1228
1228
1228
1228
1237
1237
1139
1139
1145
1147
1206
1214
1216
1216
1216
1216
1216
1170
1170
1170
1174
1174
1188
1202
1202
1202
1202
1202
1043
1043
1043
1043
1043
1204
1204
1204
1204
1204
1204
1121
1212
1228
1228
1228
1228
1228
1228
1228
1228
1228
1237
1237
1237
1237
1237
1237
1237
1237
1237
1237
1237
1043
1043
1150
1150
1198
1198
1230
1230
1240
1240
1240
1213
1213
1213
1219
1219
1219
1219
1219
1219
1219
1219
1135
1150
1157
1157
1157
1157
1157
1157
1157
1157
1157
1201
1201
1218
1235
1236
1237
1237
1238
1238
1244
1244
1098
1098
1153
1153
1161
1188
1221
1243
1244
1250
1250
1190
1213
1213
1213
1213
1213
1213
1213
1213
1238
1238
1163
1205
1205
1205
1205
1205
1205
1205
1205
1235
1244
1179
1179
1179
1179
1179
1179
1179
1179
1179
1179
1195
1196
1202
1230
1230
1230
1230
1230
1230
1231
1248
1249
1047
1152
1152
1152
1152
1153
1153
1153
1153
1153
1153
1165
1165
1165
1165
1165
1203
1227
1237
1237
1238
1238
1208
1208
1208
1208
1208
1208
1208
1208
1208
1208
1230
1228
1228
1228
1228
1228
1228
1228
1228
1228
1228
1228
1053
1054
1056
1129
1178
1178
1178
1220
1220
1220
1220
1175
1175
1175
1212
1212
1214
1243
1243
1246
1262
1262
1161
1210
1210
1210
1210
1215
1242
1244
1245
1245
1245
1176
1176
1176
1176
1176
1176
1176
1176
1176
1176
1226
1228
1228
1228
1228
1228
1274
1274
1274
1274
1274
1274
1065
1066
1066
1142
1174
1228
1228
1228
1228
1228
1256
1063
1063
1162
1162
1162
1169
1218
1240
1250
1250
1250
1246
1254
1265
1271
1272
1272
1274
1277
1277
1277
1277
1227
1227
1227
1244
1250
1262
1262
1262
1262
1262
1262
849
849
849
849
849
849
849
849
1064
1065
1065
1234
1234
1234
1260
1260
1260
1260
1268
1278
1278
1278
1177
1179
1179
1179
1179
1179
1179
1179
1179
1187
1192
1236
1236
1236
1236
1236
1236
1236
1236
1236
1236
1268
1276
1280
1281
1283
1283
1283
1283
1283
1283
1283
1283
1225
1225
1225
1233
1252
1272
1272
1273
1276
1276
1279
1226
1226
1231
1231
1231
1255
1255
1255
1255
1255
1255
1070
1120
1121
1228
1230
1230
1230
1269
1269
1269
1269
1270
1270
1270
1270
1270
1270
1270
1270
1270
1270
1270
858
858
1076
1174
1231
1233
1233
1233
1258
1265
1275
1243
1265
1289
1293
1293
1296
1296
1296
1296
1296
1296
1285
1285
1285
1286
1286
1287
1287
1287
1293
1293
1293
1185
1185
1185
1185
1215
1218
1257
1269
1291
1291
1291
1277
1277
1279
1281
1300
1300
1300
1300
1300
1300
1300
1123
1123
1123
1188
1188
1188
1188
1211
1217
1259
1282
1240
1240
1240
1240
1244
1275
1289
1291
1291
1291
1292
1218
1248
1248
1270
1270
1270
1297
1297
1297
1298
1298
1245
1247
1247
1268
1268
1274
1274
1276
1276
1276
1276
1277
1277
1287
1294
1294
1294
1294
1294
1294
1294
1294
1091
1091
1091
1091
1091
1091
1199
1199
1269
1276
1276
1291
1293
1293
1293
1293
1293
1293
1295
1298
1301
1301
1281
1281
1301
1302
1305
1305
1305
1305
1305
1305
1305
1226
1226
1299
1299
1299
1303
1303
1303
1303
1303
1303
1272
1272
1299
1299
1308
1309
1310
1310
1310
1310
1310
1091
1117
1220
1220
1240
1275
1275
1313
1313
1315
1315
1284
1284
1284
1298
1298
1312
1313
1313
1313
1313
1313
1227
1227
1307
1310
1321
1321
1321
1321
1321
1321
1321
1202
1202
1202
1202
1202
1202
1202
1208
1208
1251
1261
1287
1287
1287
1287
1287
1287
1287
1287
1287
1287
1287
1223
1223
1223
1223
1223
1223
1223
1223
1223
1223
1223
1298
1298
1298
1323
1332
1338
1343
1343
1343
1343
1343
1191
1191
1246
1246
1246
1246
1246
1246
1246
1338
1338
1302
1302
1302
1302
1302
1302
1302
1321
1323
1323
1323
1212
1212
1219
1274
1299
1299
1307
1307
1316
1318
1322
1284
1284
1284
1284
1284
1284
1284
1306
1306
1315
1324
1240
1292
1320
1320
1320
1327
1328
1335
1339
1339
1339
1282
1282
1282
1282
1282
1282
1315
1315
1315
1315
1315
1234
1234
1234
1234
1234
1283
1308
1313
1326
1326
1326
1281
1281
1281
1281
1281
1299
1300
1305
1318
1328
1328
1314
1314
1314
1314
1314
1314
1314
1314
1314
1325
1334
1116
1116
1218
1300
1316
1316
1316
1316
1316
1316
1316
891
1022
1168
1193
1202
1202
1202
1202
1202
1202
1202
1305
1305
1305
1305
1305
1305
1305
1305
1305
1306
1323
1285
1285
1331
1331
1331
1331
1336
1336
1336
1336
1336
1311
1313
1313
1313
1313
1313
1313
1313
1313
1313
1313
1312
1312
1312
1312
1312
1312
1312
1312
1312
1312
1325
1273
1273
1273
1273
1273
1273
1273
1273
1273
1273
1301
1298
1298
1298
1298
1306
1306
1306
1306
1343
1343
1343
1239
1239
1239
1239
1239
1263
1327
1343
1343
1343
1347
1243
1243
1311
1311
1311
1311
1322
1326
1342
1342
1342
1233
1249
1249
1249
1249
1249
1249
1249
1261
1307
1338
1320
1320
1320
1320
1320
1341
1341
1341
1341
1341
1341
1325
1325
1325
1329
1347
1347
1347
1347
1347
1347
1350
1243
1254
1317
1336
1336
1336
1336
1336
1336
1336
1336
1236
1244
1299
1299
1346
1357
1357
1357
1357
1357
1357
1312
1349
1349
1349
1349
1349
1349
1349
1349
1349
1349
1338
1338
1338
1338
1338
1338
1338
1345
1345
1347
1347
1310
1310
1310
1310
1349
1360
1360
1360
1360
1360
1360
1322
1322
1322
1322
1325
1350
1350
1350
1350
1350
1350
909
1131
1131
1136
1136
1136
1136
1136
1136
1136
1136
1274
1274
1291
1313
1356
1366
1366
1366
1366
1366
1372
1287
1287
1287
1287
1287
1287
1287
1340
1340
1340
1363
1375
1375
1375
1375
1375
1375
1375
1375
1375
1375
1375
1330
1330
1355
1368
1368
1368
1368
1368
1368
1368
1368
1282
1318
1337
1339
1359
1359
1367
1369
1369
1369
1369
1146
1146
1146
1146
1146
1146
1146
1257
1257
1257
1257
1363
1363
1364
1367
1367
1368
1368
1368
1368
1368
1371
1268
1268
1268
1268
1268
1268
1268
1268
1268
1268
1268
1145
1249
1325
1325
1325
1325
1325
1325
1325
1325
1325
1361
1379
1381
1383
1384
1384
1385
1385
1385
1385
1385
1344
1352
1352
1373
1373
1373
1373
1374
1396
1397
1397
1335
1383
1383
1383
1383
1404
1404
1404
1404
1404
1404
1282
1324
1386
1386
1392
1394
1394
1395
1395
1395
1395
1326
1374
1374
1374
1374
1374
1376
1376
1376
1376
1376
1359
1359
1359
1365
1365
1365
1365
1365
1365
1365
1365
1364
1364
1364
1364
1364
1364
1364
1364
1364
1364
1367
1341
1341
1368
1370
1370
1394
1394
1394
1394
1394
1394
1396
1396
1396
1396
1400
1400
1400
1400
1400
1400
1400
1340
1340
1340
1340
1340
1340
1347
1371
1371
1371
1371
1368
1368
1368
1368
1368
1368
1368
1368
1368
1368
1368
1297
1297
1297
1297
1297
1316
1359
1359
1359
1359
1359
1299
1299
1365
1365
1365
1365
1365
1365
1369
1399
1399
1376
1376
1376
1379
1388
1388
1388
1388
1388
1388
1388
1403
1403
1403
1403
1404
1404
1404
1404
1404
1404
1404
1290
1291
1291
1291
1291
1291
1291
1291
1291
1356
1359
1398
1405
1409
1409
1409
1409
1409
1409
1409
1409
1409
1402
1402
1402
1402
1402
1402
1402
1402
1402
1402
1402
1382
1382
1382
1382
1405
1406
1407
1407
1407
1407
1407
1305
1305
1308
1387
1387
1387
1387
1387
1387
1409
1409
1296
1296
1296
1296
1372
1372
1372
1374
1374
1385
1385
1390
1390
1390
1390
1390
1390
1390
1390
1390
1390
1390
1353
1353
1353
1359
1405
1405
1405
1407
1407
1409
1410
1409
1409
1409
1409
1409
1409
1409
1410
1410
1410
1411
1400
1405
1405
1405
1405
1405
1405
1405
1405
1405
1405
1398
1398
1400
1400
1406
1406
1406
1406
1406
1406
1406
1313
1353
1396
1396
1396
1396
1396
1402
1402
1419
1421
1419
1424
1428
1430
1430
1430
1431
1431
1431
1431
1431
1309
1353
1360
1393
1411
1411
1411
1413
1413
1413
1413
1414
1414
1414
1414
1414
1414
1414
1414
1414
1414
1414
1221
1221
1221
1262
1281
1386
1386
1390
1390
1396
1435
1360
1360
1369
1369
1369
1369
1406
1408
1408
1408
1408
1396
1396
1399
1412
1412
1412
1412
1412
1412
1412
1412
1422
1424
1424
1425
1425
1425
1425
1425
1425
1425
1425
1376
1376
1376
1376
1376
1384
1384
1384
1384
1384
1384
1329
1329
1380
1380
1380
1388
1388
1393
1396
1396
1396
1323
1323
1323
1323
1336
1336
1336
1336
1355
1370
1391
1418
1418
1418
1419
1419
1436
1442
1442
1442
1443
1445
1199
1199
1199
1262
1310
1310
1310
1347
1353
1412
1412
1414
1414
1436
1439
1439
1439
1439
1439
1439
1439
1439
1420
1434
1435
1435
1435
1435
1435
1435
1435
1435
1435
1446
1449
1451
1451
1451
1451
1451
1451
1451
1451
1451
1401
1401
1426
1450
1452
1452
1452
1454
1454
1455
1455
1391
1391
1391
1391
1391
1391
1391
1391
1391
1391
1393
1445
1445
1447
1447
1447
1447
1447
1448
1448
1448
1448
1381
1381
1381
1381
1381
1387
1387
1387
1387
1387
1387
1341
1341
1394
1394
1394
1394
1394
1394
1394
1394
1394
1338
1338
1338
1338
1412
1412
1412
1419
1431
1431
1431
1391
1392
1392
1392
1392
1436
1442
1444
1447
1447
1447
1448
1448
1448
1448
1448
1448
1448
1448
1448
1448
1448
1393
1393
1396
1396
1419
1428
1434
1439
1439
1439
1451
1418
1418
1418
1422
1425
1427
1447
1447
1447
1447
1447
1351
1351
1351
1382
1382
1382
1382
1382
1382
1436
1436
1393
1394
1394
1394
1394
1455
1458
1458
1458
1461
1461
1435
1441
1441
1441
1441
1441
1441
1441
1441
1441
1441
1216
1216
1403
1403
1434
1434
1434
1448
1454
1455
1455
1410
1410
1410
1410
1410
1410
1419
1419
1419
1419
1419
1424
1424
1424
1424
1424
1424
1424
1424
1424
1424
1424
1400
1400
1430
1430
1430
1430
1430
1430
1430
1430
1430
1358
1441
1441
1441
1453
1473
1473
1476
1476
1476
1476
1468
1468
1469
1469
1469
1469
1469
1469
1469
1469
1469
1467
1467
1467
1471
1471
1471
1471
1471
1471
1471
1471
1471
1471
1471
1471
1471
1471
1471
1471
1471
1471
1471
1447
1451
1463
1472
1474
1474
1474
1474
1474
1474
1474
1229
1350
1351
1438
1438
1438
1438
1438
1438
1438
1438
1231
1354
1355
1355
1382
1424
1424
1424
1424
1431
1461
1227
1227
1262
1321
1468
1479
1481
1481
1483
1483
1483
1404
1404
1431
1481
1481
1483
1483
1486
1486
1486
1486
1407
1476
1480
1480
1480
1480
1480
1480
1480
1480
1480
1423
1423
1423
1423
1423
1423
1423
1423
1440
1471
1471
1459
1459
1459
1459
1466
1466
1466
1475
1475
1475
1475
1420
1420
1467
1467
1470
1471
1479
1479
1482
1483
1483
1363
1363
1363
1369
1369
1369
1369
1369
1369
1369
1413
1255
1255
1272
1272
1272
1272
1272
1272
1434
1463
1463
1449
1449
1476
1479
1489
1489
1489
1489
1489
1489
1489
1369
1392
1392
1392
1392
1455
1465
1470
1483
1483
1483
1346
1346
1346
1346
1346
1346
1346
1375
1433
1440
1440
1331
1331
1331
1331
1365
1391
1473
1482
1483
1490
1491
1464
1497
1497
1497
1497
1497
1497
1497
1497
1498
1498
1247
1315
1425
1471
1474
1490
1496
1496
1496
1500
1500
1248
1367
1375
1431
1474
1482
1492
1497
1497
1498
1498
1256
1436
1442
1442
1442
1462
1489
1491
1491
1491
1491
1451
1451
1451
1451
1451
1481
1481
1481
1481
1481
1481
1443
1443
1443
1443
1443
1443
1443
1480
1494
1494
1494
